1.000
1.000
0.500
1.000
0.500
0.500
0.500
1.000
1.000
1.000
0.750
0.750
0.750
0.750
0.750
0.750
0.750
0.750
0.750
0.750
0.833
0.833
0.666
0.833
0.667
0.833
0.667
0.667
0.667
0.833
0.750
0.625
0.750
0.750
0.875
0.625
0.875
0.875
0.750
0.625
0.699
0.600
0.700
0.700
0.899
0.800
0.800
0.700
0.600
0.700
0.833
0.666
0.917
0.750
0.833
0.667
0.749
0.833
0.833
0.750
0.786
0.785
0.785
0.714
0.785
0.714
0.642
0.857
0.785
0.714
0.687
0.812
0.687
0.687
0.625
0.750
0.937
0.812
0.812
0.687
0.777
0.833
0.610
0.667
0.722
0.667
0.722
0.777
0.722
0.889
0.750
0.799
0.749
0.649
0.749
0.750
0.750
0.850
0.799
0.850
0.727
0.772
0.727
0.590
0.682
0.636
0.817
0.727
0.772
0.727
0.625
0.833
0.750
0.708
0.791
0.583
0.749
0.916
0.875
0.666
