0.000
0.000
0.000
0.000
0.500
0.500
0.500
0.500
0.500
0.000
0.250
0.250
0.250
0.250
0.250
0.250
0.250
0.250
0.250
0.250
0.167
0.333
0.333
0.334
0.167
0.334
0.334
0.167
0.334
0.334
0.125
0.250
0.250
0.375
0.375
0.250
0.375
0.125
0.125
0.125
0.201
0.301
0.400
0.101
0.300
0.201
0.201
0.201
0.300
0.301
0.417
0.250
0.334
0.334
0.167
0.250
0.084
0.167
0.334
0.250
0.286
0.072
0.358
0.215
0.215
0.287
0.286
0.286
0.286
0.357
0.250
0.438
0.375
0.188
0.375
0.188
0.188
0.250
0.250
0.375
0.389
0.278
0.223
0.223
0.223
0.223
0.167
0.334
0.278
0.279
0.200
0.351
0.200
0.150
0.300
0.250
0.250
0.350
0.251
0.300
0.319
0.228
0.319
0.182
0.228
0.183
0.273
0.137
0.228
0.228
0.209
0.208
0.375
0.250
0.209
0.292
0.084
0.333
0.334
0.209
