1.000
0.998
0.998
0.998
1.000
1.000
1.000
0.998
0.998
1.000
0.750
0.750
0.750
0.750
0.750
0.750
0.750
0.750
0.750
0.750
0.749
0.749
0.998
0.998
0.998
0.750
0.998
0.750
0.749
0.750
0.995
0.993
0.998
0.998
0.998
0.993
0.749
0.749
0.993
0.749
0.995
0.991
0.749
0.998
0.996
0.748
0.996
0.995
0.748
0.996
0.749
0.911
0.992
0.750
0.988
0.917
0.996
0.916
0.989
0.911
0.855
0.758
0.928
0.989
0.713
0.923
0.857
0.713
0.991
0.923
0.870
0.995
0.875
0.873
0.870
0.747
0.923
0.991
0.992
0.873
0.936
0.779
0.832
0.778
0.940
0.887
0.888
0.832
0.884
0.992
0.948
0.897
0.844
0.978
0.948
0.936
0.799
0.801
0.982
0.986
0.812
0.906
0.817
0.906
0.982
0.950
0.857
0.860
0.987
0.994
0.951
0.912
0.875
0.868
0.915
0.904
0.954
0.943
0.869
0.947
