0.997
0.999
0.999
0.997
0.997
0.997
0.999
0.999
0.997
0.999
0.666
0.666
0.666
0.666
0.666
0.666
0.666
0.666
0.666
0.666
0.750
0.748
0.748
0.749
0.750
0.749
0.748
0.748
0.750
0.748
0.798
0.798
0.798
0.799
0.799
0.571
0.799
0.666
0.799
0.798
0.832
0.624
0.832
0.832
0.833
0.714
0.625
0.624
0.832
0.712
0.600
0.545
0.856
0.856
0.666
0.545
0.665
0.855
0.749
0.666
0.636
0.636
0.583
0.873
0.777
0.873
0.874
0.874
0.776
0.776
0.666
0.727
0.571
0.666
0.887
0.725
0.727
0.798
0.615
0.666
0.599
0.817
0.643
0.689
0.600
0.750
0.817
0.749
0.642
0.692
0.714
0.625
0.714
0.768
0.833
0.715
0.833
0.768
0.625
0.666
0.732
0.611
0.688
0.610
0.687
0.686
0.579
0.646
0.610
0.687
0.666
0.666
0.666
0.665
0.631
0.631
0.749
0.750
0.667
0.750
