0.999
1.000
1.000
1.000
1.000
1.000
0.999
1.000
1.000
1.000
0.750
0.750
0.750
0.750
0.750
0.750
0.750
0.750
0.750
0.750
0.833
0.833
0.832
0.833
0.833
0.832
0.833
0.832
0.832
0.833
0.875
0.750
0.873
0.625
0.875
0.750
0.625
0.750
0.625
0.874
0.899
0.899
0.798
0.899
0.699
0.699
0.699
0.899
0.798
0.699
0.832
0.749
0.749
0.832
0.915
0.750
0.917
0.666
0.583
0.583
0.927
0.642
0.785
0.928
0.642
0.643
0.643
0.783
0.785
0.927
0.749
0.750
0.749
0.812
0.812
0.625
0.875
0.750
0.563
0.749
0.777
0.722
0.666
0.888
0.832
0.776
0.666
0.833
0.666
0.722
0.599
0.749
0.750
0.898
0.849
0.700
0.799
0.600
0.650
0.699
0.682
0.863
0.863
0.727
0.636
0.773
0.772
0.816
0.636
0.681
0.792
0.749
0.750
0.750
0.875
0.708
0.792
0.750
0.750
0.625
