1.000
0.500
0.500
0.500
1.000
1.000
0.500
1.000
1.000
1.000
0.750
0.750
0.750
0.750
0.750
0.750
0.750
0.750
0.750
0.750
0.666
0.833
0.666
0.833
0.833
0.833
0.833
0.666
0.833
0.666
0.625
0.750
0.875
0.750
0.750
0.875
0.625
0.750
0.875
0.875
0.799
0.600
0.899
0.600
0.600
0.899
0.700
0.899
0.800
0.699
0.750
0.833
0.750
0.833
0.666
0.666
0.833
0.666
0.667
0.750
0.786
0.713
0.786
0.713
0.786
0.643
0.714
0.785
0.713
0.857
0.750
0.687
0.875
0.812
0.687
0.750
0.687
0.625
0.812
0.812
0.777
0.555
0.611
0.777
0.666
0.611
0.889
0.610
0.722
0.777
0.749
0.700
0.750
0.750
0.900
0.799
0.749
0.800
0.699
0.649
0.772
0.863
0.727
0.727
0.772
0.727
0.772
0.681
0.727
0.772
0.792
0.833
0.791
0.833
0.833
0.791
0.708
0.708
0.750
0.874
