0.999
0.999
0.999
0.999
0.999
0.999
0.999
0.999
0.999
0.999
0.666
0.666
0.666
0.666
0.666
0.666
0.666
0.666
0.666
0.666
0.750
0.750
0.750
0.750
0.750
0.750
0.750
0.750
0.750
0.750
0.667
0.667
0.667
0.667
0.667
0.667
0.667
0.667
0.667
0.667
0.714
0.714
0.714
0.714
0.714
0.714
0.714
0.714
0.714
0.714
0.749
0.749
0.749
0.749
0.749
0.749
0.749
0.749
0.749
0.749
0.776
0.776
0.776
0.776
0.776
0.776
0.776
0.776
0.776
0.776
0.665
0.665
0.665
0.665
0.665
0.665
0.665
0.665
0.665
0.665
0.745
0.745
0.745
0.745
0.745
0.745
0.745
0.745
0.745
0.745
0.825
0.825
0.825
0.825
0.825
0.825
0.825
0.825
0.825
0.825
0.733
0.733
0.733
0.733
0.733
0.733
0.733
0.733
0.733
0.733
0.701
0.701
0.701
0.701
0.701
0.701
0.701
0.701
0.701
0.701
