0.500
0.500
0.500
0.500
0.999
0.999
0.500
0.999
0.999
0.500
0.666
0.666
0.666
0.666
0.666
0.666
0.666
0.666
0.666
0.666
0.599
0.599
0.750
0.749
0.599
0.749
0.750
0.599
0.750
0.750
0.571
0.666
0.799
0.799
0.666
0.571
0.666
0.666
0.666
0.571
0.625
0.714
0.833
0.714
0.625
0.714
0.713
0.625
0.713
0.832
0.750
0.749
0.666
0.856
0.667
0.750
0.750
0.666
0.667
0.545
0.583
0.583
0.583
0.583
0.700
0.778
0.636
0.636
0.636
0.635
0.615
0.727
0.666
0.666
0.666
0.666
0.799
0.666
0.666
0.727
0.642
0.642
0.818
0.600
0.818
0.600
0.642
0.562
0.600
0.599
0.588
0.624
0.666
0.714
0.666
0.769
0.666
0.666
0.666
0.624
0.733
0.687
0.647
0.611
0.733
0.732
0.646
0.733
0.647
0.646
0.705
0.750
0.923
0.749
0.631
0.600
0.571
0.571
0.705
0.631
