0.999
0.999
0.999
0.500
0.999
0.500
0.500
0.500
0.999
0.500
0.666
0.666
0.666
0.666
0.666
0.666
0.666
0.666
0.666
0.666
0.600
0.749
0.600
0.750
0.750
0.750
0.600
0.599
0.599
0.750
0.799
0.799
0.799
0.799
0.571
0.799
0.666
0.666
0.666
0.571
0.625
0.624
0.714
0.714
0.832
0.714
0.714
0.624
0.713
0.714
0.750
0.545
0.749
0.667
0.600
0.666
0.750
0.545
0.749
0.599
0.778
0.700
0.699
0.699
0.635
0.874
0.777
0.777
0.583
0.699
0.727
0.615
0.666
0.727
0.666
0.666
0.799
0.533
0.571
0.666
0.692
0.817
0.642
0.600
0.691
0.750
0.691
0.642
0.642
0.692
0.667
0.714
0.714
0.588
0.769
0.666
0.588
0.769
0.666
0.666
0.687
0.785
0.785
0.687
0.785
0.610
0.846
0.785
0.647
0.610
0.748
0.705
0.666
0.749
0.799
0.599
0.666
0.705
0.750
0.750
