0.996
0.999
0.996
0.996
0.996
0.999
0.999
0.996
0.996
0.999
0.666
0.666
0.666
0.666
0.666
0.666
0.666
0.666
0.666
0.666
0.750
0.750
0.749
0.747
0.746
0.747
0.750
0.746
0.747
0.747
0.799
0.667
0.666
0.799
0.666
0.794
0.799
0.666
0.667
0.666
0.714
0.710
0.714
0.714
0.710
0.714
0.713
0.832
0.714
0.714
0.666
0.749
0.746
0.747
0.666
0.747
0.750
0.743
0.667
0.748
0.986
0.699
0.699
0.777
0.637
0.772
0.699
0.874
0.776
0.776
0.665
0.727
0.616
0.665
0.724
0.723
0.791
0.727
0.726
0.727
0.817
0.890
0.747
0.817
0.689
0.749
0.742
0.746
0.749
0.815
0.713
0.713
0.761
0.714
0.769
0.709
0.715
0.895
0.714
0.897
0.731
0.733
0.704
0.784
0.726
0.780
0.778
0.785
0.783
0.733
0.632
0.794
0.747
0.741
0.665
0.918
0.700
0.668
0.746
0.680
