0.000
0.000
0.500
0.000
0.500
0.500
0.500
0.500
0.000
0.500
0.250
0.250
0.250
0.250
0.250
0.250
0.250
0.250
0.250
0.250
0.167
0.167
0.333
0.334
0.334
0.334
0.167
0.167
0.334
0.167
0.375
0.250
0.375
0.375
0.250
0.375
0.250
0.250
0.250
0.375
0.300
0.200
0.200
0.300
0.100
0.200
0.200
0.401
0.200
0.200
0.251
0.334
0.167
0.250
0.250
0.167
0.333
0.167
0.333
0.167
0.072
0.214
0.215
0.286
0.144
0.429
0.358
0.286
0.286
0.286
0.438
0.125
0.375
0.313
0.250
0.375
0.375
0.250
0.313
0.250
0.277
0.223
0.222
0.223
0.334
0.112
0.277
0.277
0.223
0.167
0.301
0.300
0.050
0.351
0.200
0.250
0.201
0.251
0.250
0.200
0.228
0.137
0.273
0.137
0.409
0.273
0.364
0.228
0.228
0.182
0.250
0.250
0.292
0.125
0.417
0.293
0.125
0.334
0.293
0.292
